1234567892;Al Nasif;13250.0;5637;PK00COMSATS0855258687342;8329 7999 8958 7557
12345678910123456;SHAHRIAR FAHIM;1700.0;4286;PK00COMSATS0793186937304;2981 6842 3132 1588
9090909090909;Ali Ahmed;7000.0;7941;PK00COMSATS0729364413129;2134 4169 4887 9459
1122334455667;Bilal Ansar;7000.0;8640;PK00COMSATS0830643362449;6729 2671 9695 1408
0987654321123;Ali Ahmed;2333.0;8900;PK00COMSATS0593357814374;2014 6479 8574 5575
1234567890987;Billll;2727.0;5786;PK00COMSATS0121332169709;1742 2532 5608 5868
0909090909090;Ptta;9.0;2617;PK00COMSATS0612931598678;7501 8058 6334 5720
8989898898989;Bilo;88888.0;8464;PK00COMSATS0864311979667;3320 3302 1143 4682
3537529384509;Bilal Anar;8901.0;4912;PK00COMSATS0968501458903;2461 9985 3779 9072
1234567890;SAJID AHMED;2360.0;7542;PK00COMSATS0402192971337;2861 3811 5188 6232
1234567891;WAZID SHAFIN;702.0;3836;PK00COMSATS0784974252051;1074 5661 5612 5467
